11
33
38
78
31
6
63
22
6
100
61
14
13
61
87
60
45
2
44
36
87
50
8
46
24
62
71
7
76
41
35
80
31
33
63
23
31
15
23
34
99
54
22
47
60
69
54
55
44
91
49
67
88
87
0
96
62
91
82
69
28
13
34
42
90
82
99
43
72
80
18
65
22
47
16
78
47
37
82
7
97
54
89
43
24
59
62
90
39
7
16
90
87
68
33
72
73
72
57
43
53
42
3
75
8
69
31
39
85
31
22
89
10
56
24
96
73
98
36
66
76
85
96
94
91
60
0
25
82
12
45
82
72
60
61
74
23
18
42
61
58
53
100
16
17
32
6
57
42
75
27
40
25
53
74
32
74
52
62
32
10
91
95
14
11
53
96
26
79
40
47
12
54
72
43
50
93
55
25
52
8
25
5
75
25
20
23
36
81
92
15
25
28
48
68
29
22
16
35
22
62
47
21
71
61
30
16
95
21
86
27
97
86
85
28
27
32
66
20
39
50
8
89
32
26
67
5
26
55
92
60
99
20
27
94
9
11
81
68
99
4
10
45
93
81
52
74
90
79
82
20
75
60
28
74
26
66
76
26
74
26
73
95
94
2
47
68
85
88
67
65
59
65
21
35
8
36
83
36
47
11
52
90
68
71
61
89
72
94
97
94
12
21
36
90
24
4
61
45
13
50
39
0
76
38
15
23
75
2
3
72
79
54
8
84
69
44
24
93
37
66
76
95
0
66
38
40
55
1
36
34
18
70
91
79
65
2
67
39
33
70
74
38
58
88
54
41
25
83
58
3
10
68
46
67
68
67
53
96
35
11
54
85
64
5
69
66
46
68
80
61
17
34
49
1
37
83
57
95
53
31
14
28
13
71
7
6
63
17
9
65
97
34
81
41
68
30
39
53
74
90
91
11
88
25
100
20
43
91
94
52
45
40
1
42
38
5
68
62
58
93
89
56
76
77
51
36
11
91
21
99
91
66
72
23
47
90
18
1
45
94
69
94
71
87
93
89
79
38
87
89
86
55
46
2
67
86
58
1
14
22
47
26
74
18
66
57
76
43
22
44
14
15
17
16
71
92
38
57
80
30
22
93
95
42
42
65
71
75
6
45
0
71
9
50
14
87
81
61
73
98
24
61
18
75
51
43
85
52
38
86
68
96
48
23
66
1
65
34
95
49
82
69
39
83
48
89
72
24
94
99
46
87
32
69
95
8
56
45
67
17
49
67
0
87
83
83
38
20
65
92
58
66
69
72
41
41
67
81
21
98
21
75
71
1
73
14
5
77
64
30
90
34
12
45
76
1
0
14
42
92
40
80
43
43
41
35
96
13
82
50
9
4
100
74
57
32
5
60
80
33
54
17
98
55
19
84
84
61
17
53
8
42
65
86
47
13
75
37
19
90
11
49
59
33
31
28
5
13
72
44
4
35
95
53
10
54
92
14
2
84
1
10
80
39
35
82
6
49
68
81
79
47
43
73
22
48
32
83
47
18
83
23
25
3
28
85
17
31
40
51
85
91
34
24
58
90
72
19
6
76
33
89
13
41
5
76
43
63
9
90
50
17
23
0
20
86
21
7
66
19
84
97
48
15
72
59
64
76
79
64
71
74
48
11
24
61
38
45
48
34
81
4
68
79
50
66
74
61
92
70
51
41
21
78
71
33
24
31
75
16
8
63
99
26
40
86
6
97
21
3
77
29
36
60
9
100
48
82
76
67
62
78
10
54
73
76
11
95
85
32
79
0
54
96
44
23
87
66
50
54
32
10
38
91
24
7
85
98
94
100
31
20
3
54
62
9
68
61
38
77
36
59
12
61
48
30
67
8
74
22
18
29
41
40
79
37
71
95
36
48
45
77
62
74
54
44
93
37
26
72
98
97
3
78
60
46
14
34
16
5
93
25
30
39
52
87
76
78
32
61
7
32
6
80
52
22
61
49
22
13
68
91
89
96
51
26
48
12
26
26
26
66
68
94
35
87
17
90
31
3
48
100
0
35
97
94
5
51
83
56
89
86
29
13
41
72
9
79
80
21
97
37
1
99
53
51
14
45
53
5
69
43
38
76
4
27
93
71
51
54
21
22
35
49
30
2
89
39
33
56
97
2
35
10
3
75
17
10
56
98
81
9
29
75
60
32
31
16
21
48
98
9
16
2
96
79
53
55
42
75
92
27
61
63
5
66
18
57
24
90
16
31
66
89
41
18
68
32
30
39
52
91
74
46
100
100
19
64
68
99
16
50
44
41
89
85
42
85
20
17
