62
92
90
97
48
46
10
41
36
48
92
57
36
8
84
82
39
36
2
5
20
59
46
82
92
76
31
24
20
94
3
13
70
38
48
12
21
14
50
61
61
26
79
50
74
73
77
12
70
16
7
95
3
37
48
54
14
73
47
88
67
30
21
92
66
61
74
80
56
13
81
35
5
98
46
38
100
52
91
2
40
5
18
82
21
65
39
53
12
78
27
48
86
48
33
80
55
29
54
83
21
4
50
76
94
14
76
74
20
51
74
2
47
19
84
58
61
6
0
56
79
18
86
36
22
64
89
74
8
73
21
30
88
88
5
41
19
20
89
44
44
68
27
64
52
17
23
70
99
40
76
42
79
39
1
18
22
10
31
62
54
50
41
83
61
38
63
0
49
56
99
28
43
94
70
68
73
22
91
73
60
89
27
16
38
20
73
0
65
28
94
30
87
80
35
6
30
80
48
12
38
